-0.034687 -0.998833 -0.033617 0.460066
-0.069013 -0.997169 -0.029860 0.486197
-0.015963 -0.999262 -0.034944 0.448043
0.000532 -0.999429 -0.033777 0.442832
0.008534 -0.999675 -0.024016 0.616482
0.045691 -0.998766 -0.019449 0.455218
0.018572 -0.999406 -0.029039 0.497040
-0.032218 -0.998468 -0.044988 0.571363
0.008602 -0.999564 -0.028231 0.429496
-0.022254 -0.999136 -0.035094 0.594847
0.007539 -0.999501 -0.030686 0.929988
0.010164 -0.999319 -0.035472 0.477195
-0.001141 -0.999657 -0.026182 0.420479
-0.015128 -0.999878 0.003965 0.448318
-0.010739 -0.999587 -0.026642 0.426834
-0.022058 -0.999054 -0.037464 0.444815
0.011923 -0.999339 -0.034336 0.499720
-0.017843 -0.999016 -0.040608 0.493252
-0.018450 -0.999206 -0.035299 0.455613
-0.025620 -0.998830 -0.041008 0.506639
-0.027791 -0.999000 -0.035037 0.475382
-0.016861 -0.999222 -0.035645 0.434138
-0.043971 -0.998380 -0.036101 0.530238
0.014400 -0.999099 -0.039912 0.624101
-0.014017 -0.999229 -0.036685 0.552016
0.027455 -0.998476 -0.047881 0.661223
0.011581 -0.999691 -0.021994 0.425735
-0.005949 -0.999320 -0.036393 0.976321
-0.012577 -0.999379 -0.032918 0.459264
0.001247 -0.999511 -0.031246 0.638052
-0.000571 -0.999630 -0.027186 0.563066
-0.028714 -0.999045 -0.032930 0.462867
0.033700 -0.998673 -0.038942 0.813283
-0.039789 -0.998952 -0.022637 1.756681
0.009361 -0.999853 -0.014393 1.746151
0.008011 -0.999927 -0.009027 1.738530
-0.004004 -0.999872 -0.015469 1.756084
-0.003508 -0.999611 -0.027659 1.762179
-0.000331 -0.999438 -0.033509 1.760437
0.001639 -0.999813 -0.019276 1.756178
0.001828 -0.999392 -0.034807 1.756050
-0.009542 -0.999790 -0.018132 1.758609
-0.006459 -0.999887 -0.013599 1.751532
-0.011477 -0.999738 -0.019826 1.782863
0.000492 -0.999162 -0.040935 1.786198
-0.003053 -0.999193 -0.040046 1.776358
0.017936 -0.999591 -0.022292 1.748724
0.013481 -0.999353 -0.033345 1.768646
0.031056 -0.999191 -0.025568 1.742776
0.031886 -0.999422 -0.011752 1.750157
0.031731 -0.999357 -0.016682 1.743942
0.025124 -0.999155 -0.032522 1.737487
0.026996 -0.999341 -0.024284 1.735222
0.022145 -0.999595 -0.017883 1.738791
0.005366 -0.999632 -0.026591 1.751132
-0.000485 -0.999749 -0.022377 1.776186
-0.000158 -0.999667 -0.025792 1.793593
-0.017044 -0.999448 -0.028530 1.731163
