-0.037928 -0.870859 -0.490068 1.728725
-0.047058 -0.859150 -0.509556 1.749191
-0.034761 -0.857646 -0.513064 1.741023
-0.045692 -0.852935 -0.520014 1.721800
-0.025127 -0.868420 -0.495192 1.760665
-0.042123 -0.871149 -0.489208 1.817780
-0.023510 -0.867187 -0.497427 1.821166
-0.019287 -0.857324 -0.514416 1.653637
0.008982 -0.840639 -0.541521 1.603866
-0.025062 -0.852177 -0.522653 1.652780
-0.033661 -0.859474 -0.510069 1.692247
-0.029544 -0.836117 -0.547754 1.692932
-0.046058 -0.785487 -0.617162 1.755155
-0.001412 -0.787692 -0.616068 1.750683
-0.024210 -0.794979 -0.606153 1.763277
0.016604 -0.821937 -0.569336 1.683740
0.002802 -0.838389 -0.545065 1.661210
-0.024154 -0.822900 -0.567673 1.700915
0.007266 -0.807526 -0.589787 1.733756
-0.024064 -0.770976 -0.636409 1.763279
-0.070122 -0.656150 -0.751366 1.906569
-0.469849 0.155950 -0.868862 1.447192
0.001589 -0.766312 -0.642467 1.679822
0.038519 -0.783608 -0.620060 1.716859
-0.012830 -0.824071 -0.566341 1.686345
-0.026447 -0.820994 -0.570324 1.685230
-0.068421 -0.792590 -0.605905 1.703457
-0.043314 -0.762816 -0.645164 1.734860
-0.062427 -0.760404 -0.646443 1.760368
-0.040552 -0.749917 -0.660288 1.716584
-0.129836 -0.795827 -0.591441 1.425394
-0.005027 -0.795088 -0.606473 1.628801
0.027629 -0.812038 -0.582950 1.660235
0.021566 -0.815204 -0.578773 1.657551
-0.038895 -0.790344 -0.611428 1.621438
-0.040382 -0.792010 -0.609171 1.625779
0.028314 -0.783412 -0.620857 1.693688
0.049068 -0.790121 -0.610983 1.699898
0.002710 -0.767757 -0.640735 1.677971
-0.009608 -0.772919 -0.634431 1.678104
0.009164 -0.769658 -0.638391 1.706065
0.029818 -0.695746 -0.717669 1.769294
-0.292477 0.005680 -0.956256 1.830438
0.012418 -0.797286 -0.603475 1.686833
0.016139 -0.835270 -0.549603 1.725171
-0.016903 -0.842010 -0.539197 1.732713
-0.011869 -0.845926 -0.533169 1.733322
