-0.004659 -0.996976 -0.077575 2.074694
-0.004581 -0.996951 -0.077895 2.068722
-0.003440 -0.997047 -0.076714 2.080825
-0.002635 -0.997078 -0.076349 2.100164
-0.002737 -0.997102 -0.076028 2.110426
-0.002755 -0.997056 -0.076634 2.132325
-0.002501 -0.997127 -0.075711 2.147631
-0.002278 -0.997154 -0.075356 2.143150
-0.002691 -0.997072 -0.076428 2.122667
-0.002114 -0.997140 -0.075553 2.094008
-0.002127 -0.997137 -0.075588 2.081683
-0.002847 -0.997107 -0.075953 2.044872
-0.002931 -0.997017 -0.077127 2.028823
-0.003368 -0.997018 -0.077089 2.028764
-0.001556 -0.997237 -0.074263 2.031291
-0.001002 -0.997346 -0.072803 2.036670
-0.007716 -0.996892 -0.078398 2.076111
-0.011106 -0.996661 -0.080896 2.110640
-0.011666 -0.996638 -0.081090 2.121497
-0.010114 -0.996792 -0.079398 2.091572
-0.009736 -0.996847 -0.078742 2.059197
-0.009135 -0.996850 -0.078780 2.043688
-0.008001 -0.996559 -0.082495 2.014232
-0.007784 -0.996523 -0.082957 1.991925
-0.007353 -0.996542 -0.082771 1.979906
-0.006454 -0.996658 -0.081437 1.969735
-0.007738 -0.996819 -0.079319 1.976476
-0.009784 -0.996819 -0.079093 1.956453
-0.010187 -0.996916 -0.077807 1.953624
-0.010945 -0.996956 -0.077192 1.969489
-0.009183 -0.997015 -0.076660 1.966220
-0.006355 -0.996496 -0.083395 1.939101
-0.002482 -0.996389 -0.084869 1.896818
-0.000295 -0.996017 -0.089159 1.889579
0.002574 -0.995727 -0.092315 1.858086
0.003870 -0.995400 -0.095724 1.841199
0.002339 -0.995274 -0.097078 1.845742
0.003687 -0.995261 -0.097174 1.861921
0.003087 -0.995501 -0.094698 1.891106
0.002649 -0.995535 -0.094351 1.895463
0.002634 -0.995517 -0.094546 1.905196
0.001505 -0.995582 -0.093880 1.929524
0.000380 -0.995455 -0.095230 1.936455
0.000017 -0.995567 -0.094056 1.919697
-0.000374 -0.995529 -0.094459 1.899013
-0.000944 -0.995541 -0.094322 1.892176
-0.000530 -0.995507 -0.094690 1.872404
-0.002523 -0.995518 -0.094534 1.848838
-0.004146 -0.995782 -0.091655 1.843996
-0.005808 -0.996009 -0.089068 1.857371
-0.006052 -0.996156 -0.087391 1.880677
-0.006618 -0.996169 -0.087194 1.888658
-0.007323 -0.996345 -0.085111 1.895516
-0.008147 -0.996376 -0.084666 1.914257
-0.008417 -0.996406 -0.084289 1.925481
-0.008060 -0.996375 -0.084686 1.913563
-0.007153 -0.996368 -0.084848 1.891571
-0.006704 -0.996212 -0.086694 1.883060
-0.006312 -0.996209 -0.086762 1.874187
-0.005868 -0.996215 -0.086724 1.851165
-0.004853 -0.996021 -0.088981 1.836100
-0.003661 -0.995772 -0.091783 1.840702
-0.003493 -0.995538 -0.094293 1.858193
-0.002227 -0.995202 -0.097815 1.865102
-0.001156 -0.994644 -0.103358 1.878877
-0.001312 -0.994589 -0.103884 1.897937
-0.001596 -0.994489 -0.104829 1.915075
-0.001277 -0.994489 -0.104838 1.914633
-0.000780 -0.994337 -0.106270 1.901786
-0.001041 -0.994298 -0.106636 1.879176
0.001275 -0.994196 -0.107574 1.864389
0.003682 -0.993998 -0.109339 1.842766
0.002676 -0.994319 -0.106408 1.823192
0.000891 -0.994467 -0.105046 1.820878
-0.000573 -0.994490 -0.104831 1.837896
-0.001430 -0.994404 -0.105638 1.859441
-0.002689 -0.994445 -0.105221 1.868848
-0.002753 -0.994429 -0.105373 1.874927
-0.003052 -0.994381 -0.105816 1.909596
-0.002677 -0.994305 -0.106534 1.913928
-0.003146 -0.994321 -0.106380 1.904563
-0.002776 -0.994294 -0.106637 1.882806
-0.004086 -0.993724 -0.111781 1.873690
-0.005057 -0.993992 -0.109334 1.852003
-0.005612 -0.993983 -0.109392 1.840616
-0.005929 -0.993786 -0.111150 1.834589
-0.009007 -0.993597 -0.112624 1.845448
-0.013087 -0.993478 -0.113270 1.869035
-0.013939 -0.993108 -0.116374 1.907668
-0.012316 -0.992756 -0.119516 1.929094
-0.012667 -0.992184 -0.124135 1.957547
-0.011304 -0.991991 -0.125798 1.985970
-0.012169 -0.991949 -0.126051 1.989147
-0.011774 -0.991789 -0.127339 1.974825
-0.009376 -0.991621 -0.128840 1.947456
-0.000743 -0.992847 -0.119387 1.871166
0.007695 -0.993504 -0.113536 1.812425
0.009121 -0.993430 -0.114075 1.788607
0.010075 -0.993143 -0.116471 1.782320
0.012247 -0.993188 -0.115874 1.787821
0.012236 -0.993211 -0.115682 1.809868
0.009071 -0.993222 -0.115876 1.827171
0.008301 -0.992917 -0.118521 1.833960
0.016948 -0.992974 -0.117113 1.840200
0.019739 -0.992956 -0.116830 1.849573
0.021830 -0.992978 -0.116272 1.840981
0.028650 -0.992946 -0.115055 1.800284
0.034131 -0.992771 -0.115070 1.756531
0.036078 -0.992794 -0.114271 1.745443
0.040798 -0.992586 -0.114494 1.712955
0.045966 -0.992557 -0.112774 1.678498
0.049272 -0.991881 -0.117240 1.708341
0.045198 -0.991113 -0.125110 1.743141
0.039781 -0.990514 -0.131524 1.788690
0.035853 -0.990249 -0.134615 1.827958
0.033545 -0.990027 -0.136824 1.846077
0.031306 -0.989585 -0.140507 1.895994
0.030227 -0.989139 -0.143841 1.925866
0.029756 -0.989104 -0.144182 1.951863
0.029670 -0.989033 -0.144681 1.948758
0.028880 -0.988736 -0.146856 1.973533
0.027539 -0.988640 -0.147756 1.977076
0.026493 -0.988578 -0.148365 1.968298
0.025544 -0.988535 -0.148817 1.957923
0.024347 -0.988331 -0.150364 1.941211
0.023744 -0.988980 -0.146131 1.931685
0.022144 -0.989125 -0.145398 1.963906
0.021739 -0.989829 -0.140591 1.986573
0.021414 -0.991270 -0.130099 2.023194
0.021991 -0.992380 -0.121236 2.033242
0.023055 -0.992993 -0.115902 2.046331
0.023437 -0.993207 -0.113980 2.066127
0.025282 -0.993289 -0.112859 2.041212
0.026459 -0.993626 -0.109582 1.987776
0.022858 -0.993946 -0.107462 1.960082
0.014638 -0.994472 -0.103974 1.943826
0.003727 -0.994859 -0.101202 1.929995
0.005827 -0.995340 -0.096254 1.871382
0.014766 -0.995882 -0.089444 1.783980
0.008853 -0.996019 -0.088701 1.802351
0.006959 -0.996085 -0.088121 1.820591
0.010243 -0.996110 -0.087520 1.831753
0.009667 -0.995990 -0.088938 1.844008
0.009566 -0.995956 -0.089332 1.860164
0.005222 -0.996097 -0.088116 1.892215
-0.014322 -0.995360 -0.095149 2.006599
-0.020324 -0.995493 -0.092629 1.989974
-0.021570 -0.995657 -0.090568 1.957011
-0.019307 -0.995775 -0.089775 1.929829
-0.018821 -0.995741 -0.090256 1.929247
-0.019142 -0.995629 -0.091413 1.918239
-0.018958 -0.995684 -0.090856 1.891075
-0.018412 -0.995718 -0.090587 1.880633
-0.015942 -0.995829 -0.089836 1.879393
-0.014414 -0.995839 -0.089986 1.889395
-0.013157 -0.995909 -0.089402 1.905340
-0.012800 -0.995902 -0.089527 1.912919
-0.011632 -0.995947 -0.089192 1.931537
-0.010793 -0.996018 -0.088499 1.947959
-0.010033 -0.996073 -0.087964 1.943790
-0.010142 -0.995949 -0.089351 1.919147
-0.009996 -0.995981 -0.089010 1.909879
-0.009368 -0.995826 -0.090792 1.900101
-0.009292 -0.995797 -0.091112 1.883563
-0.008879 -0.995731 -0.091872 1.865189
-0.008510 -0.995712 -0.092110 1.849767
-0.008538 -0.995702 -0.092216 1.851232
-0.008450 -0.995740 -0.091815 1.867784
-0.008272 -0.995804 -0.091132 1.888043
-0.007946 -0.995814 -0.091060 1.898692
-0.007079 -0.995555 -0.093910 1.916558
-0.006995 -0.995443 -0.095101 1.940822
-0.007226 -0.995474 -0.094760 1.953064
-0.006643 -0.995459 -0.094958 1.941058
-0.006305 -0.995474 -0.094825 1.927940
-0.006346 -0.995268 -0.096958 1.910259
-0.005797 -0.995302 -0.096650 1.901917
-0.005359 -0.995301 -0.096682 1.881676
-0.005273 -0.995315 -0.096541 1.857656
-0.005249 -0.995320 -0.096490 1.850824
-0.005427 -0.995343 -0.096240 1.866962
-0.005463 -0.995400 -0.095647 1.889799
-0.005432 -0.995414 -0.095508 1.896865
-0.005341 -0.995409 -0.095566 1.904847
-0.005146 -0.995413 -0.095537 1.926433
-0.005349 -0.995471 -0.094914 1.944628
-0.004973 -0.995494 -0.094691 1.946381
-0.004904 -0.995459 -0.095062 1.936339
-0.004359 -0.995405 -0.095657 1.912068
-0.003941 -0.995409 -0.095634 1.898946
-0.003857 -0.995412 -0.095602 1.887183
-0.003562 -0.995380 -0.095950 1.862503
-0.003353 -0.995380 -0.095952 1.844982
-0.002906 -0.995382 -0.095954 1.851479
-0.002870 -0.995399 -0.095775 1.872708
-0.002665 -0.995386 -0.095911 1.885347
-0.002344 -0.995349 -0.096310 1.896882
-0.002222 -0.995286 -0.096954 1.910985
-0.002225 -0.995332 -0.096486 1.933669
-0.001928 -0.995314 -0.096672 1.945337
-0.002051 -0.995104 -0.098807 1.943491
-0.001663 -0.995096 -0.098901 1.923049
-0.001668 -0.994990 -0.099958 1.903496
-0.001459 -0.994942 -0.100441 1.891435
-0.001468 -0.994695 -0.102854 1.873966
-0.001377 -0.994682 -0.102989 1.862268
-0.001532 -0.994388 -0.105781 1.849731
-0.000987 -0.994173 -0.107791 1.856870
-0.001120 -0.993934 -0.109970 1.881375
-0.002280 -0.993540 -0.113457 1.895661
-0.002145 -0.993281 -0.115710 1.905173
-0.002117 -0.993354 -0.115080 1.916651
-0.002387 -0.992997 -0.118114 1.937023
-0.003341 -0.992591 -0.121462 1.949739
-0.004623 -0.992168 -0.124826 1.949766
-0.007348 -0.991540 -0.129594 1.939737
-0.011834 -0.990470 -0.137217 1.937790
-0.014443 -0.989997 -0.140346 1.938658
-0.014486 -0.990118 -0.139488 1.916078
-0.014655 -0.990066 -0.139839 1.905705
-0.016351 -0.989956 -0.140424 1.892880
-0.018116 -0.989952 -0.140241 1.900928
-0.020643 -0.989392 -0.143795 1.926955
-0.021491 -0.989457 -0.143227 1.940964
-0.017607 -0.989501 -0.143448 1.964679
-0.014270 -0.989009 -0.147168 2.003306
-0.012027 -0.988698 -0.149436 2.035349
-0.011882 -0.988759 -0.149044 2.051145
-0.006147 -0.988577 -0.150594 2.071085
-0.003734 -0.988029 -0.154222 2.066610
-0.004100 -0.987794 -0.155714 2.057705
-0.001548 -0.987474 -0.157771 2.067463
0.003368 -0.987359 -0.158462 2.069487
0.009901 -0.987118 -0.159690 2.042718
0.009583 -0.987105 -0.159790 2.036140
0.006626 -0.987386 -0.158193 2.047942
0.002592 -0.987628 -0.156793 2.065069
0.000770 -0.988060 -0.154070 2.087792
-0.000777 -0.988410 -0.151804 2.095761
-0.001861 -0.988437 -0.151619 2.110673
-0.004061 -0.988507 -0.151118 2.125353
0.009327 -0.989038 -0.147368 2.147115
0.026058 -0.988718 -0.147505 2.131723
0.033523 -0.988482 -0.147579 2.138640
0.030956 -0.988172 -0.150189 2.167689
0.022179 -0.988064 -0.152438 2.180094
0.015645 -0.987907 -0.154256 2.186389
0.012176 -0.987679 -0.156022 2.179209
0.008525 -0.987554 -0.157051 2.186326
0.007204 -0.987711 -0.156122 2.183024
0.008642 -0.988051 -0.153883 2.222546
0.008827 -0.987561 -0.156987 2.267848
0.013845 -0.987673 -0.155919 2.306736
0.015463 -0.987609 -0.156168 2.344728
0.016928 -0.987856 -0.154448 2.376417
0.023343 -0.987570 -0.155437 2.432390
0.038466 -0.986420 -0.159674 2.490987
0.049592 -0.985422 -0.162738 2.504570
0.054049 -0.984536 -0.166636 2.472237
0.057304 -0.984106 -0.168084 2.491369
0.058644 -0.983588 -0.170630 2.481034
0.054912 -0.983657 -0.171474 2.468453
0.054378 -0.983694 -0.171435 2.443616
0.054289 -0.983674 -0.171575 2.426871
0.054012 -0.983714 -0.171433 2.397843
0.054674 -0.983581 -0.171987 2.346397
0.055244 -0.983524 -0.172129 2.317956
0.055793 -0.983404 -0.172640 2.268482
0.053947 -0.983419 -0.173136 2.252822
0.052849 -0.982857 -0.176633 2.225223
0.042395 -0.983468 -0.176049 2.188033
0.033872 -0.983741 -0.176372 2.158558
0.026164 -0.984437 -0.173777 2.128041
0.014504 -0.985019 -0.171832 2.076334
0.004908 -0.985558 -0.169266 2.058235
-0.003923 -0.986446 -0.164041 2.073879
-0.007327 -0.986530 -0.163417 2.079818
-0.007637 -0.986530 -0.163404 2.084770
-0.006064 -0.986591 -0.163102 2.114868
-0.005372 -0.986637 -0.162846 2.127995
-0.004632 -0.986622 -0.162960 2.136852
-0.004366 -0.986560 -0.163339 2.117823
-0.004846 -0.986561 -0.163320 2.099012
-0.005776 -0.986634 -0.162852 2.071652
-0.007671 -0.987035 -0.160323 2.044251
-0.013773 -0.987312 -0.158193 2.018623
-0.020435 -0.988315 -0.151052 1.969831
-0.024827 -0.989510 -0.142318 1.966449
-0.024803 -0.989768 -0.140514 1.983504
-0.024733 -0.989807 -0.140251 1.988974
-0.023604 -0.989821 -0.140345 2.015774
-0.022924 -0.989827 -0.140416 2.034891
-0.022785 -0.989846 -0.140309 2.037867
-0.022762 -0.989828 -0.140438 2.019395
-0.023348 -0.990678 -0.134208 1.993274
-0.023263 -0.991768 -0.125915 1.987692
-0.021335 -0.993800 -0.109118 1.986114
-0.019173 -0.994507 -0.102900 1.981393
-0.016275 -0.994691 -0.101613 1.991465
-0.010833 -0.994874 -0.100536 2.020756
0.001816 -0.994631 -0.103465 2.087470
0.005117 -0.994601 -0.103650 2.094608
0.007551 -0.994705 -0.102497 2.107698
0.011559 -0.995191 -0.097270 2.135937
0.013493 -0.995390 -0.094953 2.151881
0.020239 -0.995597 -0.091528 2.144839
0.028351 -0.995574 -0.089608 2.119244
0.038657 -0.995411 -0.087531 2.100797
0.046878 -0.995109 -0.086950 2.065552
0.047753 -0.995105 -0.086525 2.048462
0.049904 -0.995162 -0.084628 2.006470
0.045563 -0.995416 -0.084091 1.986529
0.042027 -0.995738 -0.082098 1.994871
0.036301 -0.996174 -0.079494 2.030525
0.031988 -0.996568 -0.076344 2.022047
0.009952 -0.997306 -0.072671 2.016041
0.011812 -0.997359 -0.071657 2.033993
0.017245 -0.997373 -0.070356 2.041715
0.020153 -0.997261 -0.071167 2.030039
0.020382 -0.997285 -0.070759 1.996846
0.021507 -0.997148 -0.072344 1.971025
0.018900 -0.996903 -0.076331 1.994087
0.016826 -0.996402 -0.083060 2.010556
0.020898 -0.996206 -0.084476 1.987816
0.032948 -0.995575 -0.088001 1.966249
0.033933 -0.995808 -0.084939 1.952712
0.032114 -0.996058 -0.082692 1.952988
0.031858 -0.996146 -0.081722 1.956668
0.025312 -0.996361 -0.081393 1.966492
0.015484 -0.997116 -0.074293 1.963416
0.016425 -0.997166 -0.073422 1.978210
0.019549 -0.997074 -0.073896 1.989111
0.020880 -0.997025 -0.074198 1.974284
0.022791 -0.997005 -0.073904 1.946030
0.024706 -0.996941 -0.074151 1.933651
0.025817 -0.996880 -0.074589 1.920856
0.030433 -0.996795 -0.073988 1.901598
0.034523 -0.996495 -0.076192 1.894304
0.036454 -0.996456 -0.075801 1.880483
0.036076 -0.996576 -0.074395 1.925799
0.028430 -0.997240 -0.068587 1.934939
0.024449 -0.997479 -0.066621 1.934452
0.024730 -0.997517 -0.065946 1.957135
0.025604 -0.997384 -0.067605 1.973843
0.018973 -0.997651 -0.065822 1.960050
0.018097 -0.997555 -0.067499 1.946767
0.014699 -0.997585 -0.067879 1.913693
0.001275 -0.997840 -0.065676 1.878930
-0.004664 -0.997874 -0.065011 1.859047
-0.003712 -0.997884 -0.064906 1.838757
-0.004417 -0.997886 -0.064831 1.814247
-0.004379 -0.997850 -0.065387 1.812890
-0.003986 -0.997866 -0.065180 1.822044
-0.004241 -0.997963 -0.063650 1.847431
-0.003826 -0.997965 -0.063642 1.864217
-0.003423 -0.998103 -0.061471 1.888027
-0.004036 -0.998228 -0.059368 1.912741
-0.004228 -0.998184 -0.060082 1.925109
-0.002055 -0.998383 -0.056801 1.915246
-0.003245 -0.998204 -0.059821 1.895710
-0.002874 -0.998210 -0.059742 1.877245
-0.002726 -0.998242 -0.059206 1.878892
-0.002449 -0.998264 -0.058843 1.867925
-0.001368 -0.998289 -0.058459 1.843292
-0.002438 -0.998237 -0.059308 1.831160
-0.002124 -0.998256 -0.058998 1.841824
-0.000920 -0.998261 -0.058938 1.854129
-0.000614 -0.998359 -0.057258 1.876915
-0.000071 -0.998369 -0.057088 1.886285
0.000296 -0.998314 -0.058050 1.909840
0.000599 -0.998437 -0.055880 1.921415
0.001168 -0.998445 -0.055740 1.942339
0.000869 -0.998401 -0.056522 1.939595
0.001294 -0.998439 -0.055845 1.925894
0.001143 -0.998466 -0.055365 1.902600
0.001155 -0.998461 -0.055451 1.894502
0.001264 -0.998473 -0.055230 1.883629
